#==========================================================================
#Wavelength (um)  Flux (ergs s-1 cm-2 A-1)  Uncertainty (ergs s-1 cm-2 A-1)
#==========================================================================
     1.103         2.23895753249e-18         6.15839184374e-19
   1.10765         5.51150568986e-19         5.22284641291e-19
    1.1123         3.49895055296e-19         4.75741846447e-19
   1.11695         9.01243806493e-19         4.38214413367e-19
    1.1216        -5.66165546599e-20         4.20420392639e-19
   1.12625        -3.95195495796e-19         4.09924569644e-19
    1.1309        -4.80893183609e-19         4.18864033774e-19
   1.13555         -1.1708729671e-19         4.04186699001e-19
    1.1402        -6.48562586996e-19          3.9949314806e-19
   1.14485        -1.48798472951e-19         3.81814610422e-19
    1.1495        -6.00085494169e-20         3.84704537372e-19
   1.15415        -1.16079624545e-19         3.79839413459e-19
    1.1588         1.51061484298e-19         3.82566451407e-19
   1.16345        -4.76710525598e-19         3.66090966463e-19
    1.1681        -2.84466747251e-19         3.59791818131e-19
   1.17275        -3.35648399589e-19          3.5027238546e-19
    1.1774         2.54641559836e-19         3.51863246296e-19
   1.18205         2.16355918448e-19         3.43287878689e-19
    1.1867         1.95000403434e-19         3.41334723412e-19
   1.19135         4.61125542552e-19         3.23469976905e-19
     1.196          7.9681639232e-19          3.2753861792e-19
   1.20065         1.10699180852e-18         3.34809324521e-19
    1.2053         1.44104142695e-18         3.29659061952e-19
   1.20995         1.67926541381e-18         3.18782367214e-19
    1.2146            2.12622119e-18         3.08855326392e-19
   1.21925         2.59089218522e-18         3.30576310438e-19
    1.2239         3.60037008377e-18         3.26453428388e-19
   1.22855         5.05127194333e-18         3.20005933617e-19
    1.2332         5.90196169309e-18         3.13029947215e-19
   1.23785         7.01388255146e-18         3.14667274364e-19
    1.2425         8.97077114792e-18          3.1765313399e-19
   1.24715         1.05403109597e-17         3.28109212886e-19
    1.2518         1.17220237169e-17         3.33187235086e-19
   1.25645         1.35760664726e-17         3.36549107886e-19
    1.2611         1.49876222942e-17         3.39858167934e-19
   1.26575         1.61357773078e-17         3.46518909633e-19
    1.2704         1.58431389446e-17         3.40804143196e-19
   1.27505         1.37235293348e-17         3.26648885504e-19
    1.2797         1.20198429719e-17         3.08885582251e-19
   1.28435         9.76510066891e-18         3.00864490551e-19
     1.289         6.79391674164e-18         2.82036680015e-19
   1.29365         5.54846203092e-18         2.74852402551e-19
    1.2983         4.34002622266e-18         2.71900184498e-19
   1.30295         3.59744661818e-18          2.7524571289e-19
    1.3076         2.39084147167e-18         2.62518551397e-19
   1.31225         1.52654066692e-18         2.55366090118e-19
    1.3169         8.51076205899e-19         2.53442303872e-19
   1.32155         9.64799494572e-19         2.62145831408e-19
    1.3262         6.45123786087e-19         2.52623757476e-19
   1.33085         6.42730750896e-19         2.48906201705e-19
    1.3355         4.56511380688e-20         2.45959294891e-19
   1.34015         5.85824803414e-20         2.41448358121e-19
    1.3448        -1.76484750151e-19         2.38043107986e-19
   1.34945         1.77175553446e-19         2.38273797658e-19
    1.3541        -1.83979755497e-19         2.41895757295e-19
   1.35875         -1.8895337366e-19         2.27976724465e-19
    1.3634        -1.88023037556e-20         2.30404606242e-19
   1.36805         1.17344233949e-19         2.28995224497e-19
    1.3727          2.2157728143e-20         2.34623090982e-19
   1.37735         4.10639436406e-19         2.31282982453e-19
     1.382         4.86222492893e-19         2.31452030822e-19
   1.38665         1.28769963135e-19         2.28185208015e-19
    1.3913         2.58403221678e-19          2.2747474198e-19
   1.39595         5.93789777627e-19          2.2781261351e-19
    1.4006         1.06883395833e-19         2.24628256865e-19
   1.40525         1.44928275515e-19         2.22967838903e-19
    1.4099         2.28650561561e-19         2.20851888596e-19
   1.41455         2.83218572552e-19         2.23524435046e-19
    1.4192        -2.36313944242e-19         2.29452881684e-19
   1.42385         3.26782923359e-19         2.27517883208e-19
    1.4285         2.83419264931e-19         2.22351592451e-19
   1.43315         1.25632809594e-19         2.19535553484e-19
    1.4378        -2.79037418864e-19         2.30373338353e-19
   1.44245        -3.24150867351e-19         2.29869714627e-19
    1.4471         3.06215459701e-20         2.26895115741e-19
   1.45175         4.67535143032e-20         2.19080063828e-19
    1.4564         1.88005845805e-19         2.18389252055e-19
   1.46105         4.62335622526e-19         2.27671289363e-19
    1.4657        -3.99085963205e-20         2.20114467493e-19
   1.47035         1.23618963708e-19         2.19452013939e-19
     1.475          1.3760400857e-19         2.16206665101e-19
   1.47965         4.45327804382e-20         2.14109270551e-19
    1.4843         3.32734566844e-19         2.14478090937e-19
   1.48895         3.91081130529e-19         2.17062942437e-19
    1.4936         2.82124494097e-19         2.10037179189e-19
   1.49825         6.60909716848e-20         2.08603049675e-19
    1.5029         6.90392237478e-19         2.08630739748e-19
   1.50755         6.65056331536e-19         2.09085423716e-19
    1.5122         5.10411953628e-19         2.08500136286e-19
   1.51685         3.88526489963e-19         2.12084630795e-19
    1.5215         5.50521706347e-19         2.08127639128e-19
   1.52615         7.02410662771e-19         2.07783597671e-19
    1.5308         1.04097988067e-18         2.13470486592e-19
   1.53545         1.66029917785e-18         2.20525035768e-19
    1.5401         1.81742548946e-18         2.14662931767e-19
   1.54475         1.72331981719e-18         2.17742478082e-19
    1.5494         2.51238337444e-18         2.13452708327e-19
   1.55405         2.87555911886e-18         2.24158269158e-19
    1.5587         3.42242728989e-18         2.21540144021e-19
   1.56335         4.34068310696e-18         2.27390531148e-19
     1.568         5.49662658191e-18         2.26348209728e-19
   1.57265         6.66898962878e-18         2.30500236356e-19
    1.5773         6.86052879826e-18          2.2921901177e-19
   1.58195         7.37484081967e-18         2.33617068192e-19
    1.5866         7.43296959519e-18         2.32266651655e-19
   1.59125         6.47176356728e-18          2.2473828525e-19
    1.5959         5.32152557072e-18         2.20550121469e-19
   1.60055         3.43604512725e-18          2.1402723997e-19
    1.6052         2.39389869667e-18          2.0986247717e-19
   1.60985         1.85745144833e-18          2.0914466032e-19
    1.6145         1.03062827278e-18         2.06721551866e-19
   1.61915         3.34737624047e-19         2.06969579129e-19
    1.6238        -1.99072072447e-19         2.07654926284e-19
   1.62845         1.59206012588e-19         2.09238357207e-19
    1.6331         4.33985399285e-19         2.11159843611e-19
   1.63775         6.20914416039e-19         2.13234072132e-19
    1.6424         7.60206775463e-19         2.17656135006e-19
   1.64705         5.36684501973e-19         2.15027310114e-19
    1.6517         2.63980144858e-19         2.15782416071e-19
   1.65635         1.74069304178e-19         2.24727254883e-19
     1.661         1.69761040759e-19         2.40927226903e-19
   1.66565         -4.1974053538e-20         2.65290926871e-19
    1.6703         2.77221921942e-19         3.10440381118e-19
   1.67495         2.70210359533e-19         3.70757809997e-19
    1.6796         3.43560370009e-19         4.60321603041e-19
   1.68425         1.30602704973e-19         6.02364470938e-19
    1.6889         7.39187798792e-19         7.89822392717e-19
   1.69355        -2.78438300535e-19         1.02562181317e-18
    1.6982        -2.19924107584e-19         1.22474934067e-18
