#==========================================================================
#Wavelength (um)  Flux (ergs s-1 cm-2 A-1)  Uncertainty (ergs s-1 cm-2 A-1)
#==========================================================================
    0.9023        -1.48105003665e-19          3.3851378677e-19
    0.9047         9.41483997916e-20         3.30182621142e-19
    0.9071        -6.61595862777e-20         3.28430221979e-19
    0.9095        -1.04748779191e-19         3.37346020533e-19
    0.9119         3.13466791753e-20         3.83035543795e-19
    0.9143        -1.60213054193e-19          3.2491963105e-19
    0.9167         -7.1141646066e-20         3.15004870625e-19
    0.9191         3.22889990834e-19         3.03544273737e-19
    0.9215         2.58676583854e-19         3.11330620723e-19
    0.9239         2.60396568551e-20         3.13315431296e-19
    0.9263          3.4992201676e-20         2.98975805138e-19
    0.9287         1.14616383263e-19         2.97372099006e-19
    0.9311        -2.06351833734e-19         3.02830699558e-19
    0.9335         2.55563169195e-19         2.94214465894e-19
    0.9359         4.08946944577e-20         3.03481588291e-19
    0.9383         2.28830155822e-19         3.01346928739e-19
    0.9407         2.05216379159e-19         2.89720789366e-19
    0.9431         3.58703900361e-19         2.83134054138e-19
    0.9455         3.26161475866e-19         2.76649720658e-19
    0.9479         3.69944076802e-19         2.79469630129e-19
    0.9503        -1.75231538306e-19         2.75926507274e-19
    0.9527        -5.33898397094e-20         2.69244458564e-19
    0.9551         2.87098841311e-19         2.61480461993e-19
    0.9575         1.23912540563e-19         2.61656259888e-19
    0.9599         4.71398779809e-20         2.63332995435e-19
    0.9623         2.59618569977e-19         2.55716792586e-19
    0.9647        -4.92157955058e-20         2.47869940022e-19
    0.9671        -2.92571567651e-20         2.47911513583e-19
    0.9695         9.53928745778e-20         2.46042435559e-19
    0.9719         3.12941618959e-20         2.41966927847e-19
    0.9743        -1.26862111821e-19         2.38609728988e-19
    0.9767         5.47303694553e-20         2.36111397591e-19
    0.9791          2.7952164343e-19         2.36364140893e-19
    0.9815         2.26654593142e-19          2.3299709493e-19
    0.9839         3.08340871109e-19         2.31674997888e-19
    0.9863         4.40804291061e-19         2.28839551506e-19
    0.9887         3.88128823113e-19         2.28365871187e-19
    0.9911         3.32303840686e-19         2.26044514353e-19
    0.9935         3.50806502327e-19         2.22628375409e-19
    0.9959         3.17086150777e-19         2.19953909772e-19
    0.9983         1.79002866659e-19         2.14491628224e-19
    1.0007        -5.89218922873e-21          2.1181847418e-19
    1.0031         3.04331909647e-19         2.09270366406e-19
    1.0055         3.62210768587e-19         2.07724748052e-19
    1.0079         2.58601691588e-19         2.05853860191e-19
    1.0103         2.20592709016e-19         2.02228797774e-19
    1.0127         1.97427936638e-19         2.01117945655e-19
    1.0151         3.12210668823e-19         2.00236317962e-19
    1.0175         2.73412735806e-19         1.97401904682e-19
    1.0199         4.96293052452e-19         1.95500426112e-19
    1.0223         5.16086316039e-19         1.92384322639e-19
    1.0247         6.61752390917e-19         1.90148701775e-19
    1.0271         6.13062141445e-19         1.87469748848e-19
    1.0295          6.8127436867e-19         1.86566312588e-19
    1.0319         5.83829915392e-19         1.83251858692e-19
    1.0343         4.69957241017e-19         1.83552545342e-19
    1.0367         5.94719147522e-19         1.83173068046e-19
    1.0391          7.7807620248e-19         1.83821358277e-19
    1.0415         4.70298689742e-19         1.81751318219e-19
    1.0439         4.64741075077e-19         1.80662852207e-19
    1.0463         5.13250253767e-19         1.80519641938e-19
    1.0487         5.23352030575e-19         1.84014345264e-19
    1.0511         7.43268756372e-19          1.9028426927e-19
    1.0535         6.42175546966e-19         1.84466649074e-19
    1.0559         7.52997365416e-19         1.85959046605e-19
    1.0583         6.32451099962e-19         1.85384361496e-19
    1.0607         6.10445148872e-19           1.992753651e-19
    1.0631         6.89743565476e-19          1.9030268889e-19
    1.0655         7.67358696647e-19         1.89006352859e-19
    1.0679         6.99927794031e-19         1.85312004591e-19
    1.0703         4.63852637696e-19         1.83107146836e-19
    1.0727         6.47606389677e-19          1.8509944732e-19
    1.0751          6.2862294305e-19         1.90333355636e-19
    1.0775         6.31662280127e-19         1.92196825704e-19
    1.0799         4.65058547435e-19         1.92417478762e-19
    1.0823         5.72383200571e-19         1.90543379589e-19
    1.0847         5.30750949291e-19         1.88357533148e-19
    1.0871         5.76727929874e-19         1.97458963074e-19
    1.0895         4.73142243513e-19         1.88945526512e-19
    1.0919         2.05958788019e-19         1.96052771896e-19
    1.0943         2.22493571202e-19         1.91657522163e-19
    1.0967         2.26506389474e-19         1.89151596946e-19
    1.0991         2.66025213519e-19         1.91173556682e-19
     1.103         2.41130434751e-19         3.06277047017e-19
   1.10765         3.18440334629e-19          2.6675395516e-19
    1.1123        -2.13834703685e-19         2.50530845809e-19
   1.11695        -1.46951675752e-19         2.37355063379e-19
    1.1216        -4.15259692935e-19         2.35598157291e-19
   1.12625        -4.36168740259e-19          2.1806802405e-19
    1.1309        -3.19538650332e-20         2.14020005325e-19
   1.13555        -2.94573017337e-19         2.09981937959e-19
    1.1402        -1.15016096431e-19          2.1765409997e-19
   1.14485        -1.42991964095e-19         2.15736297246e-19
    1.1495        -8.25972526062e-20         2.00612690586e-19
   1.15415        -3.10714428217e-20         2.08848978505e-19
    1.1588        -2.07538324555e-19         2.04630104886e-19
   1.16345        -8.86934984053e-20         2.08200785111e-19
    1.1681          1.1750472373e-19         1.91605407792e-19
   1.17275         7.73998195094e-20         1.93384276093e-19
    1.1774         1.16334566334e-19         1.97629075537e-19
   1.18205        -1.65656675668e-19         1.92463048818e-19
    1.1867         1.73332718311e-19         1.77084545093e-19
   1.19135         2.37803255923e-19         1.76248854983e-19
     1.196         2.98347815268e-19         1.78901969278e-19
   1.20065         1.75119744719e-19         1.73967181278e-19
    1.2053        -4.28928566624e-20         1.70714704445e-19
   1.20995         1.75210242079e-19         1.67699853787e-19
    1.2146         2.75714415015e-19         1.62123381273e-19
   1.21925         1.75504633609e-19         1.76754219919e-19
    1.2239         3.91235115031e-19         1.66281358043e-19
   1.22855         2.94048365666e-19         1.60506961189e-19
    1.2332         7.63092413281e-20          1.5756771861e-19
   1.23785         3.76295591576e-19          1.5936218934e-19
    1.2425         5.79487719658e-19         1.58774837757e-19
   1.24715         7.61629135175e-19          1.5470903577e-19
    1.2518         7.33137874781e-19         1.54999667709e-19
   1.25645         7.63129509865e-19         1.54353856815e-19
    1.2611         8.33357330965e-19         1.52517301029e-19
   1.26575         1.19163642344e-18         1.53811203371e-19
    1.2704         1.20657360541e-18         1.52979528054e-19
   1.27505         1.08302602027e-18         1.49688627733e-19
    1.2797          1.0496554807e-18         1.46518197641e-19
   1.28435         8.58595087767e-19         1.45009079051e-19
     1.289         6.75608588625e-19         1.45580501319e-19
   1.29365         6.17641060392e-19         1.44124525012e-19
    1.2983         2.88339811295e-19         1.40175903822e-19
   1.30295         1.31339981333e-19         1.37973845425e-19
    1.3076         2.00749539583e-19         1.37587872444e-19
   1.31225        -1.21341507309e-20          1.3593468479e-19
    1.3169         1.32509597446e-19         1.35072658244e-19
   1.32155         1.72344287577e-19         1.33503472998e-19
    1.3262         9.31123306305e-20         1.31597782537e-19
   1.33085         1.44664950688e-19         1.30550903126e-19
    1.3355         2.15597196776e-19         1.31690519645e-19
   1.34015         1.10214136163e-19         1.29404904447e-19
    1.3448        -5.07340570961e-20         1.28520944838e-19
   1.34945        -1.05260873281e-20         1.26980446601e-19
    1.3541        -1.88341593004e-19         1.25448944251e-19
   1.35875        -1.55194420649e-19         1.25123677819e-19
    1.3634         1.50838105034e-19         1.26444692967e-19
   1.36805         9.76544670143e-20         1.26162173066e-19
    1.3727        -7.87300487243e-20         1.26565382172e-19
   1.37735        -3.68001738884e-21         1.26157722152e-19
     1.382        -4.52105703642e-20         1.26613431346e-19
   1.38665        -5.22852901243e-20         1.26339604166e-19
    1.3913         8.29102497958e-20         1.26198730279e-19
   1.39595           2.906161037e-19         1.30206110536e-19
    1.4006         1.02480785164e-19         1.35449784624e-19
   1.40525         1.16592536608e-19         1.31689442911e-19
    1.4099         2.49161507947e-19         1.26570638309e-19
   1.41455         1.66352682769e-20         1.22868144446e-19
    1.4192         8.04985878009e-20         1.31165188345e-19
   1.42385        -1.09713165096e-19         1.31698599629e-19
    1.4285         1.19317382508e-19         1.28801920512e-19
   1.43315        -2.13143513876e-19         1.17731097077e-19
    1.4378         5.36709072567e-20         1.26813354336e-19
   1.44245         1.19283332878e-19         1.18637383085e-19
    1.4471          6.4114123438e-20         1.22300888221e-19
   1.45175         8.10093567747e-20         1.18547065264e-19
    1.4564         9.06305490362e-20         1.17137180393e-19
   1.46105         1.30427541261e-19         1.17507252722e-19
    1.4657         1.08152125056e-20         1.17433318783e-19
   1.47035        -1.19156083038e-19         1.18034614395e-19
     1.475        -1.50097125683e-20         1.18041467286e-19
   1.47965         8.85389779035e-20         1.18386187196e-19
    1.4843         1.57393556643e-19         1.19975242296e-19
   1.48895         5.18929761382e-20         1.20207926219e-19
    1.4936          1.4031857288e-19         1.20319649043e-19
   1.49825         5.63799788551e-20         1.16069852259e-19
    1.5029         1.48394185718e-19         1.18640388932e-19
   1.50755         7.50743440242e-20         1.17958331924e-19
    1.5122        -1.89901487224e-19         1.16517862435e-19
   1.51685         4.66995344776e-20         1.16050382653e-19
    1.5215         1.65454109463e-19         1.15428159163e-19
   1.52615         3.03419413259e-19         1.15347143363e-19
    1.5308         2.08698883089e-19         1.14738672167e-19
   1.53545          2.1062386463e-19         1.15179824781e-19
    1.5401         8.30800970441e-20          1.1469928448e-19
   1.54475         1.62400194176e-19         1.15425883944e-19
    1.5494         3.47777554634e-19         1.16208371824e-19
   1.55405         2.68216864587e-19         1.15836187695e-19
    1.5587         3.37612868771e-19         1.16091955973e-19
   1.56335         2.66946291024e-19         1.15727191166e-19
     1.568         3.58654541391e-19         1.16549409965e-19
   1.57265         4.85721605172e-19         1.16379186256e-19
    1.5773         8.64399784775e-19         1.17863439312e-19
   1.58195         1.88953681506e-18         1.21764974746e-19
    1.5866         2.18123594213e-18         1.23038713859e-19
   1.59125         1.29408782622e-18         1.19267982457e-19
    1.5959         8.64865924873e-19         1.17271249185e-19
   1.60055         5.46180833905e-19         1.15993020609e-19
    1.6052         3.74537918907e-19         1.15467744393e-19
   1.60985         2.39835490072e-19         1.14715153825e-19
    1.6145         2.82778786248e-19         1.14323028489e-19
   1.61915         7.39373331364e-20         1.14465903444e-19
    1.6238        -2.10418336834e-20         1.16225952799e-19
   1.62845         4.84436732125e-21         1.17147246316e-19
    1.6331         3.24202943619e-19         1.18289541145e-19
   1.63775         6.82807394937e-20         1.18363182467e-19
    1.6424          1.4586749308e-19         1.18817575927e-19
   1.64705         2.73859515514e-19         1.20947429356e-19
    1.6517         2.97748560548e-19         1.20557783881e-19
   1.65635         9.28474017621e-20         1.23834348244e-19
     1.661         1.21816562385e-19         1.38939519294e-19
   1.66565         4.56137213087e-20         1.53055065105e-19
    1.6703         1.82011238575e-19         1.64645786418e-19
   1.67495        -2.37614500891e-19         1.99239341598e-19
    1.6796        -5.90451478485e-19         2.65170646866e-19
   1.68425        -5.08080396338e-19         3.38643448218e-19
    1.6889        -1.87110042215e-19         4.36475232355e-19
   1.69355        -1.57930271272e-19         5.29705881431e-19
    1.6982        -8.70591550626e-19         6.61538612187e-19
