,wave,flux,noise
0,1.018094,0.7302218937661634,0.002334102024168585
1,1.020359,-0.06029903410027528,0.0024257000452566108
2,1.022623,-0.7028267547567606,0.0023016651421466864
3,1.024888,-0.4229920471583685,0.0024075820630970407
4,1.027153,1.0,0.0023436417345071114
5,1.029418,-0.3468272466848074,0.0024008333247655784
6,1.031683,0.37117190144454276,0.0023347740976953696
7,1.033949,0.2322475149658427,0.0024243278951394257
8,1.0362149999999999,0.0052517994996187775,0.0023071537426154276
9,1.038481,-0.1552379583530878,0.0025129762601932295
10,1.0407469999999999,-0.10114238228894183,0.0023031866419364905
11,1.043013,-0.10503588612316879,0.0024126879550296965
12,1.04528,0.18525578378597846,0.0023287534390179234
13,1.0475459999999999,0.0682400947594803,0.002442567223907998
14,1.0498129999999999,-0.11748928322982309,0.0022871502208390453
15,1.05208,0.07100442277018397,0.002412967985665857
16,1.054347,0.07490256824671876,0.0023156013334729294
17,1.0566149999999999,-0.031513167293330785,0.0023942712735248893
18,1.0588819999999999,-0.053591677848532374,0.0022900812081641897
19,1.06115,-0.006579342797426229,0.002416356356363396
20,1.063418,0.010844180041692348,0.002328622758054382
21,1.0656860000000001,0.11052545322498153,0.002452592320682536
22,1.067955,0.01938521418053692,0.0023353341589676902
23,1.070223,-0.00838407423194838,0.003363410633502907
24,1.072492,0.035423554725418346,0.00233660363118495
25,1.074761,0.004189339564326437,0.0024041750236904243
26,1.07703,0.020685440953775204,0.0023020945224554654
27,1.079299,0.03509660479280756,0.002413023991793089
28,1.081569,0.018270100033333552,0.002286375469412335
29,1.083839,0.01911235923019496,0.002376461325065096
30,1.086108,0.010196348244585138,0.0022762756978014884
31,1.088379,-0.002851589966685042,0.0023624131214843884
32,1.090649,0.006835198606790381,0.0022773024768007423
33,1.092919,0.02538928110088049,0.002427212210691876
34,1.0951899999999999,0.027945766597704425,0.002313361088383647
35,1.097461,0.015544384733279203,0.0023975569663225033
36,1.099732,0.010405271474672354,0.0022827444054967904
37,1.102003,0.014294949696960319,0.002393365841134638
38,1.104274,0.018639505867978575,0.0022956444834692407
39,1.1065459999999998,0.009459098008277362,0.0023810164900799693
40,1.108818,0.007655849702022064,0.002291341346026911
41,1.11109,0.01057151945718615,0.002394569972870127
42,1.1133620000000002,0.002465788342324386,0.002290015867682419
43,1.115634,-0.003824441406510517,0.0023530881013002513
44,1.117907,0.018294690532707197,0.002313939818365045
45,1.120179,0.023626695428085785,0.002438590788874522
46,1.122452,0.021134306611394288,0.0023226020993769364
47,1.124725,0.023707156831852285,0.002421592929259593
48,1.126998,0.014045545341264287,0.0023094406594774035
49,1.1292719999999998,0.029068665348807473,0.0024408123652547267
50,1.131546,0.014906089778525176,0.0023317404324703
51,1.1338190000000001,0.018943384029949942,0.0024214155765233587
52,1.136093,0.013159817611420967,0.0022919294103628477
53,1.138368,0.01252285987830403,0.002386150385076241
54,1.140642,0.005164540271627895,0.0022816429516612268
55,1.142917,0.01901507447728292,0.0024208835183146538
56,1.145191,0.01357647747444791,0.002299256878675708
57,1.1474659999999999,0.014291417090955756,0.0024090942285323064
58,1.149741,0.011931814686660493,0.002298631476921617
59,1.152017,0.007373138420896385,0.002384078158368655
60,1.154292,0.020510022667076265,0.0023176362227623607
61,1.156568,0.022244710191453982,0.0024107370749311134
62,1.158844,0.010609136289228079,0.002296055195068942
63,1.1611200000000002,0.016965657354833897,0.0028418255705907796
64,1.1633959999999999,0.012050333307223106,0.002291677382790303
65,1.165673,0.0063309163987026905,0.002367201645362729
66,1.167949,0.009253338424384208,0.002291621376663071
67,1.170226,0.01312084607357508,0.0023975196289043486
68,1.172503,0.0037130194229236745,0.002269452284633716
69,1.1747809999999999,0.011587001402123456,0.0023861410507217025
70,1.177058,0.014624797794318875,0.002289978530264264
71,1.1793360000000002,0.008226942296014757,0.0023756865736383856
72,1.181613,0.012037264809321139,0.002293002861134795
73,1.183891,0.014182201344509881,0.002395316721233221
74,1.1861700000000002,0.011320173471539748,0.002281773632624768
75,1.188448,0.015833471661971688,0.002391405626681516
76,1.190726,0.01526883331182246,0.002289194444483015
77,1.1930049999999999,0.015960434524610174,0.0026345562280594825
78,1.195284,0.01479437290306654,0.002347590166476971
79,1.197563,0.009362237848438593,0.0023932818319437896
80,1.199843,0.00938947584832506,0.0023169174774628825
81,1.202122,0.010929817176284561,0.0023673603293898867
82,1.204402,0.013394351682716379,0.002279122675935784
83,1.206682,0.01302119543944443,0.0023689191665978455
84,1.208962,0.007912392177488042,0.0022632076014473417
85,1.211242,0.008282603606611054,0.0023650267407552177
86,1.213522,0.00969009489541069,0.0022819323166519256
87,1.215803,0.0159237048900212,0.002478933869190679
88,1.218084,0.01549410309539299,0.0023076297946969
89,1.220365,0.006295476037122405,0.002376704018283101
90,1.222646,0.013512809215807596,0.0023118862603665365
91,1.224927,0.021580352775492976,0.0024285656920999842
92,1.227209,0.014481435855101438,0.0022919014072992315
93,1.229491,0.01181189925382505,0.00239638083765063
94,1.2317719999999999,0.025977334936321997,0.0023467220715048744
95,1.234055,0.010101439399692881,0.00236536277751861
96,1.236337,0.014574331624187266,0.0023222473939044667
97,1.2386190000000001,0.01464024677343547,0.00292760828880121
98,1.240902,0.017814046890315866,0.002333485956769032
99,1.243185,0.011654274458119,0.002515384523664208
100,1.245468,0.017395735546600354,0.002313911815301429
101,1.247751,0.013574155139996788,0.0032877090181942462
102,1.250035,0.014247504824094755,0.002301534461183145
103,1.252318,0.011380770736915779,0.0030229400517047065
104,1.254602,0.009835587031499211,0.0023644106733556654
105,1.256886,0.014813249584679533,0.002507067613770248
106,1.2591700000000001,0.008836155605062573,0.0028387919053657097
107,1.261455,0.023530147851180485,0.0024596864301319296
108,1.263739,0.0182423390141161,0.0023194657562519414
109,1.266024,0.01761681781700135,0.00245693279554302
110,1.268309,0.01674058785814604,0.002306528340861336
111,1.270594,0.01844736814145346,0.0024422498558536827
112,1.27288,0.01706852906280805,0.0023126516774387078
113,1.2751649999999999,0.01605541309162715,0.0024299658452807855
114,1.2774510000000001,0.020869168610048776,0.002462206705857372
115,1.2797370000000001,0.015924293473530145,0.002438628126292677
116,1.282023,0.015838003183926076,0.002351258567810671
117,1.284309,0.014889720093282533,0.002422031643922911
118,1.2865950000000002,0.014125133335600146,0.002332403171642546
119,1.2888819999999999,0.012577960954265714,0.0024031015729184765
120,1.291169,0.014135226845178983,0.002332281825033543
121,1.293456,0.013037730764366354,0.002423879846121569
122,1.295743,0.013140177925737911,0.0023261678228107107
123,1.298031,0.012715921471052286,0.0023888853509560735
124,1.300318,0.01807867759549556,0.002335996898139936
125,1.302606,0.020557209736588478,0.0024602651601133277
126,1.304894,0.013544621075888235,0.0023200724892969552
127,1.307182,0.012792050938046027,0.002439710911419163
128,1.3094700000000001,0.016343687177934038,0.0023396186277009423
129,1.3117590000000001,0.01673541510946388,0.002470271588178788
130,1.3140479999999999,0.012179974357802294,0.002321108602650748
131,1.316337,0.01804482342777712,0.00248322767227847
132,1.318626,0.013513665381664684,0.0023393199283557047
133,1.320915,0.019888156420456375,0.002469170134343224
134,1.323204,0.016052645749914357,0.0023495223778664774
135,1.325494,0.01576118531511401,0.0024523402931099915
136,1.327784,0.016106481312751386,0.0023330752451693306
137,1.330074,0.008291873927974272,0.0024305539096167224
138,1.3323639999999999,0.01286467964107696,0.0023809604839527374
139,1.334655,0.01146496499203477,0.0024422685245627605
140,1.336945,0.011115284608428458,0.00235881006063246
141,1.339236,0.005282126803306904,0.0024284163424273656
142,1.3415270000000001,0.007933998450720374,0.002317048158426424
143,1.343818,0.008028029850376666,0.002451808234901287
144,1.346109,0.006668646678300934,0.0023122876376116992
145,1.348401,0.009184314643208749,0.0024485038733945957
146,1.350693,0.00752148268516906,0.002311260858612445
147,1.352985,0.006177712942261821,0.002604079560490706
148,1.355277,0.006514448334850017,0.002320128495424187
149,1.357569,0.013773926199330062,0.0024621693684392172
150,1.3598620000000001,0.007776442329364591,0.002313305082256415
151,1.362154,0.0071976011899514076,0.0024721571277956005
152,1.364447,0.008704184243185,0.002316964149235576
153,1.36674,0.00804535404745126,0.0024312633205616618
154,1.369033,0.01105277520169799,0.002342362927935313
155,1.371327,0.006039036520492087,0.002422358346331765
156,1.37362,0.007668251562336539,0.0023198017930153333
157,1.3759139999999999,0.0059239133699117135,0.0024305259065531062
158,1.378208,0.00817792503453853,0.002364662700928209
159,1.3805020000000001,0.010581698549319446,0.002444060720634186
160,1.3827969999999998,0.006717811257630871,0.0023055762366983915
161,1.385091,0.0137958787745295,0.002464820325128201
162,1.387386,0.008773322976611334,0.0023265131939286415
163,1.389681,0.00940245225927202,0.002432747482933311
164,1.391976,0.006974280541235357,0.002301814491819305
165,1.394272,0.004571370118135862,0.0024181112150166674
166,1.3965670000000001,0.004996707210345352,0.002307237751806276
167,1.398863,0.004738504851299705,0.0024200620951152505
168,1.401159,0.010277924809864177,0.0023241702709394336
169,1.403455,0.009997717889381105,0.002439365540301232
170,1.405751,0.012249330116732123,0.0023395532872191715
171,1.4080469999999998,0.010460510725651021,0.002431337995397971
172,1.410344,0.006652582839017813,0.002314574554473675
173,1.412641,0.0015763612467764557,0.0023982383742038264
174,1.414938,0.0040847855891970545,0.0022976327009859784
175,1.417235,0.007129864822849871,0.0024403829849459478
176,1.419532,0.006352472096761447,0.0023019825102010014
177,1.42183,0.005289088670226045,0.0024538991303179503
178,1.424128,0.003091924220419827,0.0022868048497211146
179,1.426426,0.0042009582424205084,0.0024185966014526783
180,1.4287239999999999,0.010420251276860186,0.002320361854287654
181,1.431022,0.0037087239825286827,0.002398107693240285
182,1.4333209999999998,0.008508448522419368,0.002555596923016824
183,1.435619,0.006419058744184969,0.00241195987537568
184,1.437918,0.007541407610742002,0.0022933482322527263
185,1.440217,0.007918166100364395,0.0024108584215401163
186,1.442517,0.006713229356164713,0.002303662694017963
187,1.4448159999999999,0.009492319223624692,0.002407040670533798
188,1.447116,0.007156877503728382,0.0022989021732032384
189,1.449416,0.009718801555679904,0.0024394402151375416
190,1.451716,0.005122402769556247,0.0022884383617653827
191,1.454016,0.004137494176561831,0.0023846382196409757
192,1.456316,0.00850205529650043,0.0022864874816667996
193,1.458617,0.009546387759345383,0.002420164773015176
194,1.460918,0.00626808822654152,0.002295709823951011
195,1.463219,0.00689608598050173,0.0023850022594679838
196,1.4655200000000002,0.005081315045338275,0.0022699656741333434
197,1.4678209999999998,0.007682893286888102,0.002393039138725784
198,1.4701229999999998,0.006691826412118549,0.002287383579702512
199,1.472424,0.00800987088103291,0.002383247400814713
200,1.474726,0.006195595290653235,0.0022746795231753745
201,1.477028,0.007093128926130963,0.0024038669899906478
202,1.479331,0.005461990442654424,0.0022782079091909937
203,1.481633,0.006921616086680998,0.002336734312148491
204,1.4839360000000001,0.008346552795304827,0.0022790293323903974
205,1.4862389999999999,0.005827046655878899,0.002370748700087426
206,1.488542,0.004940934307870574,0.0022605753134674355
207,1.490845,0.01004891013870011,0.002419614046097394
208,1.493148,0.012329891151860388,0.002307116405197273
209,1.495452,0.004537534032436918,0.002381268517652514
210,1.4977559999999999,0.009184055601468582,0.002292582815180555
211,1.50006,0.008567509995451573,0.002401449392165131
212,1.502364,0.006225818060769355,0.002281446930215914
213,1.5046680000000001,0.007382511621182327,0.0023998718862480945
214,1.506973,0.0069643253988656275,0.0022946643762426795
215,1.509277,0.0063513688232079875,0.002388894685310612
216,1.511582,0.007525889547696794,0.002294328339479287
217,1.513888,0.010964053449905217,0.0024093182530412344
218,1.5161930000000001,0.008051982101502835,0.0023026359150187087
219,1.518498,0.007673211947003616,0.00238298603888763
220,1.520804,0.009173687278465023,0.002306743031015726
221,1.52311,0.005526137488783753,0.0024082634709783643
222,1.5254159999999999,0.010501135287727,0.00231242765292978
223,1.527722,0.009467632840073516,0.0024137053996744124
224,1.530029,0.0042737965945836886,0.0022855820492765477
225,1.532335,0.005707908939448054,0.00241759782551704
226,1.534642,0.009212466032687418,0.0023003023263840397
227,1.536949,0.007448313919105347,0.0024309646212164237
228,1.539256,0.00832047568327642,0.0022927881709804056
229,1.541564,0.0098405158728452,0.002452125602955602
230,1.543871,0.007323058612592787,0.0023020291819736945
231,1.5461790000000002,0.010605871545904744,0.0024232917817856325
232,1.5484870000000002,0.008158746576470217,0.0023115035518304506
233,1.5507950000000001,0.012049944195826506,0.0024205568159058003
234,1.5531030000000001,0.010676298889329649,0.0023322444876153884
235,1.555412,0.01181278003679227,0.002714150269210771
236,1.55772,0.00946981875689554,0.0023246929947935992
237,1.560029,0.012066568878681273,0.0024515282042651266
238,1.562338,0.013263771451657852,0.00232398358384866
239,1.564648,0.008734073347599037,0.002411091780403583
240,1.566957,0.012703251213348804,0.0023274933011552023
241,1.569267,0.012094755509364138,0.002449988035766245
242,1.571577,0.010942752121750507,0.0023382931493564504
243,1.573887,0.011440183509923287,0.002462318718111836
244,1.5761969999999998,0.010323479406789023,0.0023256731020201604
245,1.5785069999999999,0.0114238912450648,0.00245834228307836
246,1.580818,0.011204824747295413,0.002327353285837122
247,1.583129,0.015145165974439028,0.002468404717271053
248,1.585439,0.008831642016204311,0.002331068358943515
249,1.587751,0.012864525989998534,0.0024612265986308107
250,1.590062,0.010212741754681214,0.002345891313950932
251,1.592373,0.009812399345461754,0.0024322620964973
252,1.5946850000000001,0.0061993525844024865,0.0023138931465923516
253,1.596997,0.006922521828176981,0.002415357580427758
254,1.599309,0.012420274583083842,0.0023663895565178643
255,1.601621,0.0063704130618819745,0.002445731570096609
256,1.603934,0.011564436438516054,0.0023452845809059184
257,1.606247,0.005881333526480696,0.0024309459525073468
258,1.608559,0.010771385334498782,0.0023334392849963387
259,1.6108719999999999,0.004790799073210937,0.0024223116745590717
260,1.613186,0.01063104041819804,0.002341868207144763
261,1.615499,0.010917262989481143,0.002455588648489451
262,1.617813,0.010635973556268925,0.002340029339300644
263,1.620126,0.010299032314599643,0.0024445274383611197
264,1.6224399999999999,0.008228934064400357,0.00231771089759867
265,1.624755,0.0071188625936359235,0.002435249089949676
266,1.627069,0.008784591054730423,0.002335446171222154
267,1.629383,0.007569736516658202,0.0024410270554091167
268,1.6316979999999999,0.007027931161229423,0.0023281187029092934
269,1.634013,0.015367132514068895,0.0024786631729090576
270,1.636328,0.007145003278906312,0.002315349305900385
271,1.638643,0.0071231699690468145,0.0024212008863689688
272,1.640959,0.010743909493120448,0.002343492384834493
273,1.643275,0.00857158195385319,0.0024311699770162747
274,1.64559,0.011226987282893473,0.002341410823772368
275,1.647906,0.010790181457337995,0.0024651376931825162
276,1.650223,0.011278040026892708,0.0023699272768880225
277,1.652539,0.00853393301700795,0.0024452648523696757
278,1.654856,0.007005454473800179,0.002314303858192053
279,1.657173,0.003386298179544289,0.0024112317957216633
280,1.659489,0.0042390951225820825,0.00230481081962622
281,1.661807,0.012121985947012524,0.0024472437355318745
282,1.6641240000000002,0.012493658947432984,0.0023374530574479693
283,1.6664419999999998,0.00724854420488493,0.0024322247590791452
284,1.668759,0.008568874458624412,0.002319811127369872
285,1.6710770000000001,0.011911037915262698,0.0024522002777919117
286,1.673395,0.012393293590853996,0.002336678306021259
287,1.675714,0.008950924831661527,0.0025125095424662963
288,1.678032,-0.0022028156206173126,0.002292078760035466
289,1.680351,0.022283653179598427,0.002457054142152023
290,1.68267,0.005452826862140585,0.0023186816704706924
291,1.6849889999999998,0.013973196467943691,0.002645048042560954
292,1.6873080000000003,-0.000766656411257017,0.0023225087558315493
293,1.689627,0.02671128849985655,0.002454319176272191
294,1.691947,-0.0007944406266897729,0.002315153284455073
295,1.6942669999999997,-0.0028894378641260757,0.0024337089214507947
296,1.6965869999999998,0.023765472480351723,0.0023227887864677096
297,1.698907,0.0007355293449048153,0.0024254106802659115
298,1.701227,-0.0008499430201622381,0.0023050628471987644
299,1.703548,0.035015238856088905,0.002429984513989863
300,1.7058689999999999,0.02537976610651992,0.0022865994939212635
301,1.70819,0.016786673439912993,0.0024284070080728267
302,1.7105110000000001,-0.023497783776559356,0.0022964192348959504
303,1.712832,-0.04714968671399642,0.0023972582669772656
304,1.715154,-0.0017957153994249873,0.0022947203823699114
305,1.717475,0.004792829761359174,0.002458921013059758
306,1.719797,-0.08462188535635676,0.0024741546796668767
307,1.722119,0.1317718745478327,0.002446254293950775
308,1.7244419999999998,0.03248650155676051,0.0023085445614416905
309,1.726764,-0.06998376784584288,0.00240519246833514
310,1.7290869999999998,0.08755308517562392,0.0023125956713114758
311,1.731409,0.036554289386171786,0.00243649055910332
